171108
636
610
1114
14124
668
611
609
607
548
14470
1031
1071
1068
1062
12062
547
542
552
548
699
14424
604
704
776
574
676
14251
855
15771
825
33604
905
15471
1701
4010
3319
4427
3438
3539
4439
3530
4387
3752
3422
3623
3575
3578
4327
3577
3627
3565
3647
3592
3530
3659
3889
3520
3467
3513
5823
5170
3343
4744
3496
3366
4080
3666
4000
3641
3424
3830
3457
3446
4128
3561
3588
3796
3508
3799
3959
3404
4130
3450
3357
3759
3597
3703
3651
3711
3681
3724
3777
3794
3750
4007
3801
3711
6964
3880
3789
3739
3859
3700
3322
3624
3486
6670
3374
3363
3836
3567
4010
3527
3475
3725
4646
3304
4112
3371
4137
4009
3450
3440
3979
3663
3926
3500
3575
3811
3999
4053
3903
3877
4218
3726
3917
3897
5809
3966
3809
4196
4013
3977
4004
4055
4715
3943
3951
4110
4183
4400
6470
10329
4072
3879
4236
3879
4761
3951
4089
5474
5287
6103
4989
4448
6441
5084
4754
5534
6279
4570
5586
4631
5428
4976
5003
4896
5170
4995
5146
5148
5146
5216
5312
5094
5092
5180
5100
5153
5235
5179
5092
3899
4005
3939
3962
3955
3737
3850
3835
3964
3902
3930
3859
4828
3938
3924
3999
4140
4135
3948
4241
3824
3560
3512
4650
4638
3709
3750
3854
3764
3532
3512
3728
4001
3795
3587
3677
3718
3719
3683
3903
3936
3934
3850
3998
4131
3915
4049
4050
4079
4065
4023
4185
3907
4039
4278
4182
4297
4171
4317
4176
3816
4098
3983
7483
8413
4945
5118
4539
4712
4165
3861
4999
4064
4203
4359
4914
4080
4055
4075
4479
4255
3975
4063
4329
4128
4063
4009
4271
4091
4045
4092
4146
4177
4112
4216
4155
4108
4168
8056
4103
4005
4126
3995
4115
4486
4432
4446
4342
4786
4491
4415
4415
5360
4451
4475
4765
4541
4433
4448
4693
4224
4216
4348
4669
4263
4546
4391
4359
4494
4621
4478
4582
4733
4301
4736
4504
4792
4355
4420
4614
4548
4668
4740
4536
4481
4626
4721
6860
6808
4507
4254
4652
4309
4289
4398
5334
4258
4392
4540
6067
4539
4520
4575
4245
4466
4430
4401
4369
4653
4762
4471
4941
4929
4568
4478
5012
4745
4856
4486
5197
4441
5094
4542
4649
4647
4698
4750
4806
5340
4847
4563
4682
4716
4667
4750
4525
4662
4484
5783
4623
4621
4638
5205
4857
5004
4984
4813
4796
4844
4906
4869
4874
4925
4744
4814
5072
4978
4875
4924
4924
4934
5005
4818
4839
6082
6262
6056
6028
6092
10624
11357
6048
6195
6023
6083
6313
6358
6145
5641
6049
5866
5803
5601
9041
5639
5697
5633
9014
8424
5890
6013
6144
5896
6094
14009
6853
4665
4803
4875
4892
4770
4930
4895
4928
4990
4847
4793
4920
5244
4930
4889
5061
4885
5038
4913
4947
4930
5025
4778
4930
4788
4715
4414
4834
4493
4614
4444
4662
5622
5797
5691
5909
5706
5765
5680
5766
5931
5638
5944
5590
5603
5831
5711
5918
5564
6004
6894
5879
5902
6941
6357
6049
5575
6026
5664
12643
5615
5758
5775
5657
4472
4849
4457
5088
4506
4909
4551
4631
4791
4587
4426
4766
4406
4514
4706
4483
4784
4403
4890
4429
4522
4567
4941
4765
4732
4616
4915
5103
7477
4891
4725
4533
5443
4549
4834
4551
4972
11250
8005
4494
4588
4600
4505
5147
4602
4640
4754
4616
8954
4501
4869
4548
4684
4635
4507
4596
4592
10872
4647
4567
4732
4474
5287
4532
4863
4702
4941
4838
5346
4886
4831
4827
5305
4811
4806
5031
5369
4896
5057
4849
4821
5040
4943
4967
4926
4857
4888
5059
4813
4886
5860
9517
4892
4900
4901
4870
5019
4926
4890
5094
4934
5285
5030
5119
5366
4989
4921
5429
4945
4939
5229
5814
5024
5074
5099
5607
5628
6001
5321
5186
4907
4919
4956
5028
4890
4947
5011
4885
5500
8629
6490
5017
4926
5189
10265
4796
4940
4983
5518
4922
5110
5267
6064
4937
5309
4914
5312
4404
5688
4472
5078
4635
4689
4476
4762
4469
4606
4546
4548
4514
4470
4790
4431
5301
4643
4814
4567
4731
4884
4832
4842
4941
4385
4533
4567
4582
4447
4655
4699
4358
4739
10048
8442
4523
5025
4797
4928
4775
4807
4943
4846
4864
4888
4916
4852
5001
4801
4865
4890
4822
4801
5070
4811
4962
4898
4874
4808
4863
4818
4876
4855
4934
4849
4949
5656
5722
5361
5247
5304
5284
5267
5393
5769
4836
6015
6688
7140
6339
5819
6035
6263
6129
6539
5726
6173
6418
6547
6588
6583
9699
7285
10668
9857
7387
7490
7353
7050
10043
7668
6266
6194
6333
6303
6527
6561
6466
6156
7938
6426
7215
6068
5722
5883
6007
5744
5832
5634
5845
5719
5669
5873
5800
4692
4540
4658
4536
4701
4693
4619
4566
4615
4650
4590
5161
4640
4726
5010
4813
4619
4783
4554
5291
4688
4775
4656
4821
5386
4760
4695
4805
4594
4620
4720
5047
4580
4758
4619
4477
4770
4698
4604
4557
4643
4703
4650
4748
4764
4667
4562
4735
4507
4704
4597
4517
4588
4665
4673
4567
4625
4749
4438
4648
4497
4599
6087
4614
6210
5371
5318
5068
4791
4899
5048
5056
4953
4989
4847
4851
4898
4625
4432
4737
4540
4525
4905
4571
4708
4487
4831
4448
4836
5685
5740
5653
5975
5794
5728
5997
5789
5946
5873
5773
5927
6057
6592
5849
5549
9664
9034
6028
5789
6711
5650
5721
6004
5787
5931
5570
5921
5662
5698
5885
5620
4953
4435
4686
4485
4633
4969
4484
4681
4872
4768
4575
4749
4770
4834
4760
5018
4880
5759
4981
4941
5050
5466
4935
4996
9665
6108
11447
4738
4715
4605
4562
4763
4535
4472
4700
5177
4661
4856
4356
4502
4606
4923
4646
5337
12617
4694
4811
4204
4559
4235
4376
4511
4355
4906
4223
5464
5134
4790
4267
4787
4364
4467
4239
4470
4344
4569
5016
4207
4559
4313
4568
4138
4424
4247
4265
8032
6095
6086
12214
4983
4673
4147
4378
6613
4614
4305
4199
4506
4166
5387
6334
4284
4260
4525
4340
4330
4550
4982
4502
4957
4614
4395
4282
4401
5007
4377
4448
4362
4934
4426
12102
5905
4350
4370
4308
5968
4322
4368
4410
4848
4566
4383
4470
4369
4425
4368
4388
4372
4547
4407
4311
4378
4404
4401
4305
4426
4361
4471
4827
4576
4518
4691
5141
4420
5063
4453
4615
4440
4407
4474
4376
4399
4444
4466
4503
4560
4374
4642
4370
4491
4510
4351
4433
4357
4495
4448
4520
4407
4340
7002
5235
4466
4910
4549
4406
4547
4439
4497
4480
4575
4530
4548
4750
4822
4736
4624
9916
4254
5094
4726
5273
4819
4822
4760
4624
4923
4402
4855
4569
4838
4565
5496
4757
6389
5369
5681
5911
5251
5587
7643
5526
5450
5534
5557
5414
5562
5422
8112
6133
5580
5960
5728
5834
6503
5665
6143
5512
5737
5438
5582
5637
5774
5621
5648
5725
5801
5814
5865
5722
5791
5754
5943
5713
5786
5883
5806
5802
5343
5283
6016
5313
5690
5365
5398
5238
5916
5584
5721
5997
5960
6326
5256
6016
5800
5623
6754
5679
6190
6070
5212
6663
10001
5564
6030
5697
12105
5929
1689
846
8806
770
780
796
846
801
13080
850
769
926
808
797
12928
777
766
791
806
1051
12821
734
710
730
751
819
13297
744
680
816
944
1191
12653
737
712
732
734
13391
1095
838
736
751
748
12843
737
734
880
766
751
13201
733
768
721
811
954
13077
752
749
880
777
762
13335
1056
969
754
854
766
12465
796
787
779
888
904
12889
767
796
725
750
788
13343
818
790
793
795
812
12930
756
772
806
955
906
12841
752
750
756
749
749
13343
746
751
750
746
747
14300
1004
1058
861
831
752
11443
752
749
838
752
976
13065
752
746
752
750
763
13373
1003
767
791
877
12594
756
755
752
749
796
13231
757
748
751
768
780
13251
1120
869
960
783
842
12461
756
749
756
855
764
13169
745
763
766
724
760
13328
751
741
904
737
790
13307
869
964
813
803
794
12600
766
760
801
704
757
13292
783
795
800
803
794
13147
867
946
796
922
818
12614
777
783
738
736
952
13041
761
755
756
785
777
13237
777
813
843
960
12861
741
730
903
796
802
13036
1127
2243
2178
904
779
9845
971
751
742
758
739
13071
741
741
819
772
779
13198
735
745
737
739
756
13343
762
760
737
746
747
15118
2705
750
746
786
1728
8516
748
763
812
1198
1303
12220
742
741
783
899
1161
13020
800
889
2250
2098
2080
9523
733
816
879
775
701
12314
713
856
808
706
771
13541
872
715
709
715
12843
771
847
1004
714
717
12980
721
720
717
904
909
13126
889
895
889
908
902
12587
1105
858
894
901
901
12410
904
996
911
986
1013
12274
927
939
941
954
1026
12541
954
1026
1035
930
974
12026
1158
1271
1197
1196
1387
10867
1144
1175
1174
1257
1428
10916
1134
1129
1259
1146
1162
11267
1398
1196
1145
1166
1170
11038
1191
1146
1266
1264
10944
1144
1137
1176
1149
1159
11312
1230
1149
1201
1154
1168
11213
1619
1184
1444
1251
1145
10472
1158
1190
1146
1154
1151
11396
1172
1173
1159
1150
1148
11240
1188
1275
1258
1228
1209
11071
1324
1159
1175
1342
1810
10170
1155
1159
1139
1391
1153
11074
1509
1647
1181
1140
1144
10475
1165
1254
1294
1291
1149
11019
1150
1155
1147
1154
11197
1884
1152
1154
1140
1190
10538
1196
1200
1249
1640
1156
10674
1159
1193
1153
1150
1211
11382
1222
1201
1205
1215
1225
10908
1200
1260
1311
1165
1146
10992
1137
1156
1173
1146
1215
11295
1147
1131
1181
1161
1221
11353
1685
1422
1526
1574
1340
9681
1314
1485
1478
1702
1336
9653
1408
1333
1496
1231
1313
11079
1392
1186
1141
1438
9826
1262
1236
1421
1813
1141
10159
1252
1165
1157
1155
1137
11246
1242
1142
1175
1164
1249
11161
1219
1172
1207
1282
1290
12618
1192
1223
1219
1605
1245
8952
1193
1231
1335
1243
1229
10920
1154
1330
1224
1214
1271
10862
1274
1210
1211
1254
1236
11133
1169
1176
1139
1171
1154
11066
1276
1186
1178
1165
1148
11177
1193
1175
1427
1222
10837
1377
1198
1140
1130
1223
10974
1405
1147
1158
1157
1138
11109
1186
1195
1265
1152
1182
11140
1152
1147
1151
1242
1267
11151
1160
1128
1369
1183
1188
11143
1292
1387
1145
1146
1188
10980
1161
1160
1205
1191
1275
11005
1178
1147
1138
1149
1178
11322
1613
1136
1131
1143
1149
11045
1314
1308
1430
1162
1230
10518
1196
1156
1157
1195
11196
1681
1242
1157
1167
1687
10107
1190
1261
1292
1425
1276
10662
1247
1996
2757
1513
1333
8384
1244
1314
1347
1301
1291
10513
1241
1205
1269
1261
1257
10869
1180
1227
1237
1273
1277
10928
1202
1250
1243
1238
1203
