171894
1101
14744
627
610
621
15240
627
566
593
16200
1089
769
13844
545
626
548
15443
546
549
693
15589
707
685
642
15667
1568
1331
12777
17803
864
50697
730
15767
673
16270
3451
3659
3370
6956
3325
3374
3524
7119
3444
3487
3523
6661
3731
4210
4167
5132
3493
4065
4210
6147
3628
4215
3598
5304
4059
3765
9172
6899
7346
4834
3845
4681
3941
4684
3891
4019
5326
4032
5202
3745
8788
5034
3775
3559
3451
3576
6433
3586
3585
3624
7134
3537
3582
3620
5798
3497
3536
3621
6592
3449
3559
3546
6759
3459
3745
3557
6717
3435
3756
3550
6308
4320
3564
3685
5669
3689
4529
3365
6360
3427
3326
3644
6481
4015
3590
5821
3483
4275
3686
5920
3536
3460
3543
6633
3654
3497
3460
6706
3588
3526
3644
6554
3495
3636
4185
5977
3533
3536
3450
6756
3705
3729
3343
6456
3254
3506
4288
6809
3630
4068
3609
6624
4305
3373
3652
6604
4898
4483
5847
4493
4783
5120
4626
4700
4993
4826
4854
4883
4585
4545
4966
4854
4602
4661
4746
4735
4717
4940
4879
4896
4854
4960
4809
5043
4845
4939
4934
3867
3820
3842
4233
3686
4020
3881
5659
3905
3881
3836
5758
3910
3833
3838
5584
3836
3807
5870
3675
3530
3555
6409
3602
4091
3905
5726
3784
3919
3926
5736
3794
3991
3955
5628
3897
3880
4001
5446
3945
4373
4366
5044
4408
4444
4276
4168
3852
3916
4093
5177
4210
4506
4127
4689
4552
4295
3958
5042
3994
4110
4051
4644
4290
3991
4900
4008
3996
4069
5065
4173
4053
4113
4962
4312
4138
4089
4912
4196
4048
4119
4966
4110
4084
4165
9877
7938
4064
4023
4071
5112
4203
4109
4238
4191
4112
4165
4319
4146
4031
4506
4291
3979
4885
4487
5070
4731
5179
7302
6133
5182
4894
5533
5066
5118
4812
5635
8751
4261
5244
4295
4875
4632
4756
4836
4853
4999
4836
5145
4872
5002
6848
12076
5103
5063
4952
5581
4824
4990
5093
5083
4932
4694
4240
4275
4288
4374
4260
4342
4637
4216
4250
4306
4280
4275
4511
4335
4345
4281
4349
4388
4253
4520
4377
4319
4407
4610
7480
4818
4685
4711
4770
5038
4526
4350
4956
4482
4542
4908
5508
4460
4710
5835
12409
5953
5277
4563
5276
4543
4637
4581
5181
4535
6460
5038
5451
4548
4624
4582
4683
4743
4801
4810
4918
4817
4897
4748
4449
4575
4781
4798
4448
4755
4415
4594
4566
4616
4589
4656
4752
4706
4800
5428
4881
5860
6403
5908
5906
6102
5856
5849
6123
5776
5995
5965
5873
5866
5807
5831
5669
5739
6050
5528
5913
5765
5783
5843
5930
6002
6207
6089
6101
5551
5612
5699
6569
4557
5217
4561
4759
5662
4659
4514
5103
4405
4631
4455
4685
4456
4495
4786
4493
5616
6505
4433
4686
4694
4619
4608
4636
4750
4624
4665
4680
4695
4698
4808
4666
5896
5965
5726
5874
5805
5897
5734
6220
5681
6456
7532
6472
6594
6879
5613
6175
6715
5689
5914
6157
5757
5901
5632
5759
5782
6021
8839
12684
6039
5667
6304
5853
5100
5976
6825
5081
4945
4618
4559
4668
4716
4882
4559
5953
4572
4705
4826
5243
4744
4514
4734
4756
4793
4761
4992
4823
4842
4920
4902
4794
4903
5258
4929
4831
5608
4438
4675
4843
4958
4426
4669
4858
4669
4501
5031
5094
4606
4539
4760
4606
4571
4643
4607
4672
4698
5032
4734
4864
5067
4817
4655
4636
4857
4696
4824
4784
4779
4778
4824
4829
4749
4679
4668
4698
9193
5479
4728
5408
5129
5521
5228
5723
5211
5119
5407
5250
5406
5166
5505
5072
5195
5218
5401
5295
5721
5259
5491
5717
5376
5310
5413
4934
4669
5769
4691
4780
4546
6109
4602
5026
4782
4501
4625
5205
4731
5147
4822
6095
4509
4733
4679
4678
4542
4499
5004
4594
4613
4588
4779
4593
4639
4786
4732
4683
4920
4592
4645
4798
5053
4795
4685
4636
4925
5505
5063
5064
5521
4702
4812
4772
4586
4613
4716
4895
4594
5315
4794
5692
4452
4757
4469
4745
7719
12490
4488
4768
4849
5388
4584
4700
4763
4656
4788
11675
5960
4784
4852
4540
5678
5837
5789
6276
5207
5730
5372
5777
5228
5194
5250
5507
5332
5357
5417
5392
5608
5372
4558
5233
5746
4437
4829
4912
4660
4996
4850
4393
4836
4626
4541
4485
4893
5104
4506
6081
7721
4608
5071
4592
4910
4801
5455
4612
5268
4710
4694
4704
6758
5912
6237
5781
5851
5801
5749
5860
5651
5690
5865
5736
5907
5684
5797
6188
6035
7287
6099
5987
6113
5966
9680
7154
6537
5911
6125
6887
6259
6649
6170
6206
5741
5737
6485
5810
5972
5788
5828
5927
5654
5917
5854
5714
5690
6050
5983
6079
4588
4523
4736
4514
4587
4562
4716
4530
4617
8272
4867
4595
4984
4545
4695
6091
4664
4605
4909
4792
5234
4635
4678
4748
4680
4830
5225
4529
10072
4800
4571
4868
4643
4832
4432
4479
4503
4590
4693
4520
4912
4514
4739
7681
12808
10588
5442
4580
4515
4601
4540
4471
5234
13362
5005
4825
4505
4717
4865
4603
4680
4519
4665
4566
4710
4625
4648
4630
4799
4654
4817
4624
4682
8567
10557
4975
4607
4774
4633
4647
4534
4745
4609
4639
4738
4552
4573
4692
4600
5693
5965
6210
5891
6567
6205
6021
6021
5852
5883
5717
6382
6298
5774
5882
5781
5912
5721
5696
5932
5921
5879
8470
6004
6539
6717
6406
6836
6929
6636
6804
6778
5112
5237
5247
5377
5113
5212
5651
4821
4630
4808
5198
6197
4642
4283
4490
4487
4349
4507
4865
4613
4553
4633
4445
4787
14867
4986
4886
4205
4448
4383
4592
4380
5002
4614
4283
4300
4401
4210
4275
4606
4188
4389
4413
4520
5215
4947
4671
4564
4543
5040
4638
4520
4560
4640
4659
4587
4673
4256
4126
4253
4276
4510
4259
4623
4258
4537
4236
4257
4443
4316
4222
4267
4444
4315
4747
4337
4445
4462
4393
4400
4399
4478
4261
4301
4319
4471
4350
4418
4393
4397
4989
4377
4848
4482
4280
4528
4378
4402
4473
4515
4361
4387
4371
4419
4485
4466
4422
4291
4597
4216
4195
4224
4401
4459
4256
4170
4311
4444
4718
4312
5236
4478
4876
4502
4301
4229
4494
4363
4315
4674
4778
4297
4154
4380
4264
5344
4585
5564
4089
4525
4750
4126
4382
4136
4577
4254
4335
4508
4476
4409
4701
4470
4480
4906
4243
4276
4339
4571
4422
4205
4475
4229
4494
4175
4602
4189
4186
4331
4291
4326
4224
4581
4213
4258
4509
4590
4582
4443
4826
4709
4723
4818
4276
4375
4546
4695
13620
4536
4486
4566
5002
4847
4464
4908
4601
4569
4585
4611
4671
4736
4684
4425
4617
5542
5632
5412
5753
5595
5411
5754
5367
5502
5387
5412
5333
6397
5750
5729
5371
5299
5861
5668
5487
7902
5405
5566
5596
5525
5647
5862
5490
5595
5381
5871
15048
5383
5953
5759
5482
5484
5553
5517
5521
5538
5475
5697
5445
5429
5614
5523
5572
5591
5548
5442
5517
6500
5944
5672
5602
5647
5502
5507
6247
5512
5721
5475
5953
5418
5630
5664
5869
6051
5921
6071
6139
22381
5912
11475
1026
842
838
14314
795
816
960
14466
823
806
850
15151
821
820
980
14209
871
962
1101
13789
814
721
740
14689
795
754
756
14652
821
959
740
14597
744
718
741
14784
745
781
14742
823
757
757
14673
744
744
718
14843
744
742
774
14789
720
742
741
14852
759
750
839
14680
752
814
858
14615
787
778
762
14710
803
903
737
14597
766
825
771
14661
734
761
758
14826
840
760
759
14637
801
752
759
15687
2268
2135
1026
10609
762
759
762
14755
791
988
1038
14286
759
972
836
14837
815
771
771
14197
1184
1016
925
15308
2294
2071
2235
8961
791
786
831
15053
809
776
14219
894
806
782
14516
773
761
758
14731
769
763
762
14739
806
774
1145
14357
1276
760
760
14181
768
757
760
15097
2002
2201
2216
10248
758
774
769
15250
2291
2235
1929
10046
766
722
750
14803
940
828
750
14515
753
799
766
14721
771
800
750
15452
1932
1014
897
12467
747
747
744
14795
744
759
777
14753
799
895
745
14575
743
746
743
14792
747
743
746
14793
832
762
1052
14422
764
735
14707
748
787
775
14711
894
739
741
14651
777
749
838
14676
756
766
826
14690
751
747
786
14757
785
853
1046
14351
762
749
818
14704
804
782
803
14652
833
749
757
14691
796
754
921
14565
827
845
774
14576
761
800
752
14734
752
910
1099
14258
717
791
723
14911
761
728
748
14703
915
822
719
14584
720
716
718
14895
742
742
901
14594
761
722
14799
742
978
776
14515
731
818
726
14769
800
892
899
14485
915
1011
1152
13971
916
962
919
14251
933
981
922
14854
2348
933
961
12172
979
1025
1051
13995
963
952
955
14180
1046
943
936
14125
1045
1439
1265
13413
1128
1138
1333
13746
1454
1192
1199
13154
1299
1671
1171
12791
1210
1136
1134
13460
1190
1143
1234
13515
1217
1164
1161
13485
1146
1149
13581
1866
1344
1249
12577
1493
1256
1277
13027
1208
1327
1427
13105
1146
1211
1160
13562
1151
1146
1182
13641
1152
1185
1263
13436
1208
1256
1155
13450
1147
1151
1189
13602
1197
1318
1182
13419
1205
1203
1217
13396
1183
1177
1171
13703
1236
1162
1264
13248
1188
1358
1449
13024
1499
2588
1586
12179
1378
1197
1257
12584
1257
1540
12925
1254
1245
1320
13163
1251
1327
1372
13117
1180
1197
1175
13525
1249
1118
1164
13547
1163
1158
1150
13600
1213
1163
1157
13538
1162
1172
1316
13400
1183
1186
1408
13431
1335
1274
1693
12626
1166
1352
1194
13352
1202
1218
1165
13482
1274
1143
1203
13430
1280
1154
1156
13456
1147
1188
1157
13567
1154
1209
1208
13590
1180
1297
1168
13393
1161
1277
13369
1198
1156
1226
13424
1754
1570
1174
12563
1220
1293
1643
12915
1208
1255
1253
13391
1261
1296
1297
13202
1160
1154
1167
13656
1229
1537
1187
13348
1463
1392
1661
12310
1266
1490
1158
14113
3262
3362
3636
5811
1172
1219
1348
13311
1152
1151
1186
13559
1149
1351
1151
13407
1160
1187
1171
13572
1190
1211
1422
13210
1308
1474
1159
13096
1187
1156
13515
1194
1151
2162
12526
1374
1267
1174
13265
1165
1160
1355
13396
1159
1191
1156
13651
1156
1157
1158
13533
1176
1280
1301
13300
1159
1158
1148
13615
1156
1189
1152
13577
1150
1242
1163
13522
1176
1314
2251
12396
1448
1344
1165
13283
1436
1166
1225
12952
1366
1643
1413
12741
1288
1333
1418
12894
1277
1486
1159
13140
1762
2118
11988
1401
1268
1188
13142
1182
1316
1312
13255
1200
2110
1490
12344
1329
1561
1148
13185
1548
1534
1890
12155
2018
1832
1195
11740
1391
1291
1844
12551
1166
1286
1196
13675
1350
1247
1159
14433
1671
1209
1171
11658
1177
1151
1155
13612
1148
1162
1144
13582
1286
1263
1159
13379
1365
1170
1154
13474
1155
1199
1200
13636
1249
1160
1197
13210
1166
1526
13103
1177
1221
1263
13394
2473
1339
1217
12016
1263
1344
1615
12856
1274
1198
1218
13397
1199
1166
1192
13512
1219
1313
1411
13124
1346
2251
1682
11794
1215
1195
1228
13607
1447
1198
1211
13051
1236
1242
1250
13341
1221
1218
1216
13721
1677
1230
1248
14471
3510
2693
1263
7774
1300
1279
1279
13177
1267
1269
1233
13221
1224
1249
13406
1195
1214
1266
13323
1161
1274
1236
13406
1240
1278
1307
13256
1180
1182
1222
13504
1184
1232
1207
13524
1211
1172
1233
13409
1135
1175
1191
13726
1379
1176
1221
13176
1224
1183
1309
13365
1396
1411
1127
13217
1185
1145
1148
13489
1159
1223
1140
13554
1219
1129
1138
13548
1135
1125
1233
13585
1239
1269
13390
1136
1127
1140
13631
1164
1159
1348
13412
1172
1198
1343
13433
1140
1129
1128
13642
1221
1444
1314
13117
1404
1345
1168
13155
1239
1121
1357
13529
1700
1319
1357
12737
1434
1597
2084
12088
1785
1656
1686
12367
1730
1787
1772
11423
2045
2002
1893
11191
1919
1929
2332
10837
1580
1764
1732
12428
1977
1607
11408
1651
1594
1583
12292
1563
1671
1561
12279
2352
1632
1564
11556
1610
1561
1866
12093
1596
1533
1604
12430
1557
1555
1705
12256
1662
1885
1607
12004
1631
1709
1585
12146
1697
1613
1600
12179
2167
1680
1755
11510
1732
1642
1921
11771
1616
1653
1624
12325
1668
1647
1649
12143
1661
1871
11871
1712
1805
1793
11704
1878
1891
1876
11493
1793
1971
1710
11641
1815
1671
1667
12043
1697
1708
1696
11956
1835
1732
1736
11840
1715
1659
1752
11999
1716
1771
1780
11839
1937
1727
1752
11677
1661
1809
1665
11957
1644
1688
1652
12214
1672
1668
1877
11824
1779
4306
5084
7275
1643
1643
1656
10829
1643
1719
11964
1642
1757
1658
12012
1650
1690
1767
12004
1700
1689
1797
11933
1650
1643
1631
12225
1640
1659
1871
12018
1959
1706
1664
11728
1672
1656
1694
12098
1654
1835
1654
11959
1689
1654
2058
11799
1662
1763
1688
11898
1830
1935
1667
11988
2254
2329
1691
10533
1700
1635
1845
14940
4754
4190
1899
3200
1705
1998
11598
1657
1670
1744
12019
1881
1835
1856
11574
1877
2061
1923
11251
1859
1882
1883
11491
1859
1842
1983
11457
2025
1938
1905
11279
1805
1962
1993
11372
1906
1849
1660
11593
1881
1641
1654
12072
1676
1799
1685
11798
1659
1664
1672
12574
1695
2017
2415
11057
1812
1643
1657
11393
1745
1645
1751
11976
1650
1689
12056
1699
2093
3908
9337
1745
1759
1814
11810
1747
1655
1703
12041
2113
1891
1882
11272
1843
1962
2089
11209
1803
1863
1855
11750
1889
1861
1845
11363
1658
1830
1647
11988
1659
1743
1678
11999
1820
1675
1672
11932
1834
1640
1809
11814
1629
1635
1916
11986
1707
1806
1657
11936
1820
1652
1637
11951
1751
4106
9473
1794
1740
1655
12021
2226
1679
1717
11425
1668
1792
1693
11956
1668
1695
1746
12024
1660
1684
1747
12027
1779
2011
1843
11561
1830
1851
2200
11139
1651
1640
1669
12158
1783
1665
1863
11791
2049
1968
2250
11243
1807
1660
1665
11621
1785
1723
2509
11162
1797
3495
5344
9364
2712
1995
7648
2015
1643
1762
11671
3096
1757
1759
10475
1720
1690
1659
12061
1659
1746
1680
11986
2002
1765
1660
12954
3378
1757
1646
9129
1710
4082
2139
9363
1726
1673
1721
11751
1657
1735
1663
12073
1723
2410
1785
11208
1789
1792
1845
11662
1802
1849
1834
11619
1859
1830
1899
11492
1773
4702
1814
8981
1807
1660
11732
1804
1667
2096
11458
1713
1853
1724
11827
1881
1656
1669
11927
1672
1756
1817
11883
1649
1838
2080
11921
1675
1757
1740
11569
1832
1970
1883
11505
2945
2690
1679
9713
1720
1751
1664
12202
1819
1774
1668
11696
1715
1854
1899
11590
1727
1750
1772
12112
1877
1850
1867
11357
1935
1984
1972
11190
1854
1881
11536
1851
1842
1946
11422
1831
2006
1993
11298
1821
1953
1920
11422
1874
1948
2060
11288
2121
2200
2277
10513
1879
2233
3472
9564
1871
1951
1974
12559
5132
3168
2032
5527
1982
1923
1990
11219
1825
1907
3702
9605
1684
1812
1646
11940
1659
1723
1667
12079
1767
1642
2042
11799
1696
1669
1652
12041
2032
1666
11532
1903
1695
2061
11412
1638
1680
2130
11830
2369
1825
1783
11085
1719
1703
1826
11818
1709
1650
1648
12161
1711
1651
1659
12005
1706
1696
1810
11910
1675
1765
1658
12028
1849
1709
1683
11956
1693
1662
1686
12077
1676
1633
1702
