154125
570
1518
1135
1265
1134
10962
606
591
555
549
1559
894
11936
589
557
697
619
585
541
732
13038
873
896
659
979
773
742
11622
3998
1088
29723
998
2298
702
12965
3919
3538
3767
3690
3712
3771
4237
3433
3501
3528
3623
3700
3650
3691
3847
3342
3648
3530
3486
3493
3523
3507
3514
3560
3498
3574
3514
3589
3558
3527
3559
3715
3545
3408
4274
3627
3682
3523
3648
3724
3581
3560
3520
3771
3684
3621
3496
3647
3510
3537
3667
3517
3585
3590
3534
3752
3942
3976
3806
3775
3735
3596
3626
3730
3671
3531
3690
3562
3647
3570
3480
3596
3719
3651
3832
3706
3743
4924
3647
3713
3945
3607
3708
3627
3789
4311
3535
3611
4203
3615
3753
4030
4028
3764
3784
3717
3908
3779
3756
3639
3849
3705
3611
3549
3631
3420
3696
3295
3411
3913
3405
3515
3541
3455
3434
3497
3422
3592
3496
3512
3480
3504
3476
3579
3657
4565
4684
4497
4659
4528
4775
4464
4667
4620
4794
4677
4741
4926
5302
4572
4922
4826
5259
5207
5548
4663
5122
4703
4710
4624
4759
4907
4551
4614
4938
4854
4583
4416
3494
3705
3582
3446
4352
3549
3480
4114
3597
3531
3465
3567
3799
3502
3498
3776
3714
3568
4133
3605
3808
3719
3486
4092
3752
3667
3633
3481
3555
3892
3451
4451
4038
3672
3801
3508
4172
3713
3513
4624
4029
4090
3992
3866
3968
4082
3976
3988
3963
4129
3979
4034
4001
5842
3873
3843
4096
3913
3939
3968
4030
4299
4092
4265
6421
6108
4203
4516
4532
4565
4260
4913
11417
3908
3909
4109
3788
6167
6782
7996
6481
5579
4815
3999
4070
4140
4251
4291
4457
4333
4809
4844
4405
4958
4319
5024
4488
4102
4124
3925
4069
3848
4655
4231
4955
8076
4570
4266
4499
4268
4468
4395
4436
4422
4417
4511
4490
4513
4511
4557
4523
4636
4505
5027
4953
5117
4419
4498
4538
4273
4563
4410
4514
4465
4585
4581
4510
4488
7111
4667
4435
5799
4671
4731
4435
4595
4454
4649
4578
4591
4553
4663
4637
4634
4687
4674
4650
6347
9192
4729
4411
4471
4346
11067
8432
4634
4315
5072
4781
5018
4458
7434
4403
5207
4555
5278
4446
4753
4417
4733
4556
4675
4410
4678
4799
4726
4529
5729
4744
4827
5012
4757
4832
4875
4776
4771
4969
4850
4752
4671
6042
4957
5047
4939
4601
5414
4725
4503
5039
5027
4782
4471
5114
4381
4710
4590
4601
4458
4870
4533
4572
4549
4677
5911
5823
5862
5796
5851
5829
5738
5814
5925
5918
5970
5755
6095
5852
5710
6112
5786
5901
5833
5813
6155
5850
6205
6004
5845
10646
11605
5838
5767
6012
5688
6369
5258
4407
4537
11019
8863
4432
4647
4445
4945
4477
4604
4933
4480
4678
5991
4656
4471
4710
4650
4635
4593
4664
4772
4756
4889
4705
4634
4780
4686
4678
4997
4694
5814
5924
6147
5896
5845
5742
5901
5857
6352
8924
5730
6336
5649
5733
5823
5788
5870
5807
5795
5739
6099
5664
5788
5682
5638
5633
5732
5615
5744
5576
5811
5579
4617
5311
4605
4475
4933
5104
4946
4897
5119
4402
8117
11318
4330
4369
4558
4699
4451
4580
4579
4684
4448
4609
4649
4497
4428
4641
4479
4468
4745
4551
4955
4593
4738
4537
4625
4598
5261
4505
4789
4681
4722
4636
4795
4883
4760
4767
4678
4778
4750
4713
4622
4668
7604
4665
5392
4540
4867
4607
4391
5083
4490
4820
4551
4754
4670
5010
4552
4577
4459
4851
4558
4592
4623
4673
4645
8607
4462
4719
4471
4515
4556
4693
4582
4707
6629
5141
4510
4744
4622
4419
5048
4469
5256
4604
5438
4509
4730
4666
4721
4643
4738
4850
4829
4885
4926
4808
8323
7698
4506
4705
4445
4911
4725
4982
4657
4640
4745
4548
4690
4715
4891
4878
4975
5614
5249
5608
4704
5907
4593
5083
6273
8340
10443
6124
4698
5072
4531
4846
4704
4593
6025
6847
4584
4712
4563
4693
4771
4550
4675
4608
4668
4557
4732
4740
5261
4642
4528
4626
4937
4703
4741
4674
4700
4743
4737
4745
4662
4980
4606
4561
4842
5010
5025
4674
4575
4687
4818
4802
4628
4559
4743
4753
4607
4687
4740
4625
7999
4639
4479
4759
4474
4429
4474
4771
4811
4561
4643
4406
4584
4540
4813
4552
4591
4479
4677
4637
5086
5018
5330
4700
4603
4677
4969
4652
5252
4876
4795
5245
4493
4648
4578
4777
4700
4871
5976
5983
6095
6067
5969
5948
6322
6049
6061
5966
6023
12288
5993
5951
5960
6196
6306
6322
6364
6318
6205
6156
6518
6378
6835
6307
6467
6584
6276
6459
6668
6453
15239
7276
5916
6151
6007
5954
6132
6017
6108
6026
5966
6020
5999
6006
5992
6026
4759
4856
4805
4821
4998
4963
4917
4946
5046
4926
5589
4628
4497
4750
4348
4603
4329
4784
4761
4742
4564
4730
4516
4698
4536
4519
4956
4467
4515
4606
4820
4632
4655
4674
4757
4489
4584
4735
4444
4615
4435
4973
4464
5087
4504
4793
4440
4723
4447
4675
4577
5127
4767
5280
4652
4656
5047
4691
5034
4478
4717
4406
5346
4683
5131
4458
4638
4669
6513
5666
4783
4647
4587
4825
4630
4657
4719
4517
5103
4702
4728
4565
4801
4723
4751
4775
4735
4561
4526
7239
5840
6680
6664
7737
6308
6192
7626
6521
6816
7080
6585
6912
6938
7048
6393
8995
6309
5767
5762
5821
5667
6512
5792
5780
6519
5956
5825
6089
5910
5794
6640
4752
4723
5042
5400
5242
5430
5103
4969
4941
6135
5105
5097
5141
4917
5031
4715
4827
4507
6158
5261
4961
5741
5579
4793
10017
4983
4833
4722
4741
4741
4630
4818
4706
4600
4645
4682
4625
4608
4709
4790
4629
4713
4813
4741
5259
5354
4385
4551
5247
4165
4495
4461
5509
4248
4697
4751
4483
4206
4938
4383
4285
4788
4136
4250
4219
4724
4537
4321
4305
4249
4532
4372
4571
4485
4582
4577
4615
4658
4504
4487
4148
4715
4308
4211
4184
4398
4302
4230
4624
5574
6223
4572
6595
4557
4286
5558
4153
4192
5668
4466
5102
4250
5297
4265
4474
4394
4361
4369
4440
4443
4411
4539
4353
4454
4345
4404
4823
4497
4532
4542
4720
4273
4432
4388
4662
4398
4408
4404
4393
4472
4348
4592
4515
5383
4249
5398
4807
4962
4316
5202
4250
4656
8786
4414
4304
4620
4422
4411
7978
11378
5305
5143
4369
5649
4675
5111
4932
5596
4801
5627
4974
5569
4875
5219
4977
4963
4146
4319
4367
4675
4222
4324
5102
4478
4750
4591
5236
4181
4720
4187
4907
5424
4979
4444
4644
4199
8786
4385
4978
4473
7718
7767
4672
4650
4708
4783
4828
4898
4872
5106
4956
4849
4860
5728
5768
5827
5735
5764
5601
5386
5431
6052
5650
5542
6450
5691
5471
5443
5340
5564
5629
5624
5719
5585
5659
5556
5550
5781
5577
5451
5463
5525
5410
5651
5537
5532
5605
5662
5421
5486
5200
5503
6003
5409
5297
5519
5673
5301
6184
5441
6665
6182
5287
6064
5325
5560
5527
5318
6693
5323
5532
5430
5724
5421
5403
5584
5436
5496
5605
5415
5488
5611
5549
5565
5634
11425
5493
5503
766
745
732
711
766
745
732
12068
778
752
751
735
733
733
734
11654
732
729
861
854
783
709
734
12922
2180
2067
1871
944
865
770
752
6402
735
711
732
735
743
768
11818
730
802
966
745
910
734
750
11436
734
730
729
868
777
888
954
11415
778
896
719
751
739
739
739
11787
1398
847
745
755
741
743
774
11728
2245
1097
877
752
724
749
748
9158
769
782
782
781
744
848
778
11825
820
801
767
768
783
798
787
11248
757
797
860
1066
847
844
851
11059
806
830
857
876
841
855
939
11030
824
840
835
839
876
864
11154
826
960
1215
885
884
865
839
10519
823
842
861
832
855
985
1121
10748
749
762
762
760
760
747
967
11549
1194
1078
1594
2164
2136
2298
1206
5372
745
759
835
759
933
930
743
11346
997
713
741
737
774
747
740
12103
1004
752
754
757
761
690
738
11179
751
772
970
1375
791
806
768
10807
738
759
763
755
748
743
889
11773
888
751
759
789
785
789
769
11397
778
848
881
836
829
802
11296
739
734
733
771
730
753
1095
11515
734
734
746
789
745
753
735
11841
1036
879
957
740
787
792
1042
10839
737
741
799
759
1445
1033
875
10689
743
744
791
767
744
744
745
12113
1082
810
762
757
749
756
738
11142
743
740
791
812
716
719
750
11755
719
718
737
736
727
731
859
11803
714
711
710
709
720
710
706
12048
712
978
767
728
722
776
11672
723
719
714
715
720
883
1096
11536
906
885
885
908
901
902
957
10736
1441
2724
2757
2731
1014
1676
2924
2830
2693
1068
1036
1035
1010
1534
1182
6506
972
1002
1001
1013
994
1261
1572
9508
1153
1193
1210
1226
1288
1244
1223
8464
1159
1262
1234
1294
1227
1238
1214
8491
1172
1208
1194
1404
1276
1257
1255
8453
1175
1233
1209
1199
1204
1220
8581
1141
1245
1206
1208
1182
1197
1205
8766
1131
1185
1170
1201
1200
1238
1226
8811
1303
1152
1149
1151
1163
1189
1545
8494
1196
1190
1145
1140
1145
1146
1228
8951
1148
1142
1232
1303
1166
1158
1159
8832
1144
1181
1198
1541
1807
1813
1175
7742
1138
1153
1150
1277
1267
1550
2098
6992
1159
1679
1455
1230
1153
1149
8047
1150
1150
1142
1144
2249
3507
3488
3309
1246
1110
1230
1152
1161
1158
1154
8939
1163
1598
1220
1145
1163
1166
1168
8504
1261
1146
1143
1151
1157
1358
1153
8776
1147
1153
1192
1151
1175
1175
1241
8900
1278
1143
1153
1193
1141
1136
1133
8926
1155
1153
1367
1198
1143
1167
1168
8782
1169
1151
1150
1150
1284
1362
8655
1488
1214
1147
1146
1146
1151
1157
8647
1154
1207
1707
1682
1150
1190
1208
7850
1152
1142
1150
1143
1366
1710
1218
8260
1157
1164
1433
1282
1347
1151
1265
8358
1292
1425
1325
1187
1142
1149
1159
8481
1154
1355
1186
2193
1177
1171
1177
7757
2329
3236
3028
3318
1674
1154
1151
1450
1241
1154
1149
1141
1142
1145
8675
2216
1145
1374
1219
1142
1177
1137
7656
1154
1156
1283
1115
1141
1221
1296
8826
1320
1175
1130
1138
1133
1134
1181
8909
1173
1160
1182
1139
1150
1136
1184
9025
1137
1128
1182
1149
1225
1231
1134
8958
1260
1577
1684
1149
1144
1155
1606
7540
1307
1327
1154
1318
1472
1919
1340
7296
1170
1219
1161
1692
1234
1136
1139
8331
1139
1144
1228
1206
1134
1348
8710
1702
1259
1151
1151
1129
1184
1145
8502
1254
1173
1145
1378
1149
1143
1178
8656
1172
1309
1142
1203
1165
1304
1216
8689
1258
1174
1170
1189
1232
1232
1232
8627
1161
1168
1247
1161
1136
1184
1144
8898
1191
1132
1135
1146
1369
1486
1168
8490
1160
1191
1190
1225
1197
1214
1254
8691
1200
1250
1246
1241
1205
1275
8490
1185
1316
1264
1346
1379
1251
1923
7586
1933
2163
1949
1870
1828
1153
1201
5024
1431
1844
1204
1170
1310
1139
1149
7853
1148
1145
1232
1438
1180
1138
1144
8730
1136
1158
1229
3500
3570
3383
2778
1287
1140
1211
1130
1169
1136
1139
1177
8038
1262
1266
1243
1186
1189
1132
1149
8775
3352
3164
3383
3423
3269
2038
1319
1150
1174
1148
1132
1446
1132
1168
8632
1151
1178
1131
1123
1125
1153
1269
9026
1323
1351
1128
1130
1113
1157
1202
8781
1124
1170
1193
1258
1129
2575
2548
6594
1154
1133
1133
1119
1335
1650
1240
7944
1309
1379
1132
1272
1232
1151
1193
8462
1141
1167
1603
1192
1264
1132
1124
8608
1125
1174
1151
1227
1395
1138
8628
1406
1299
1137
1128
1123
1258
1143
9213
3471
1634
1119
1124
1433
1165
1165
5495
1135
1136
1136
1249
1212
1280
1301
8792
1317
1307
1326
1410
1449
1836
1954
6849
2130
1617
1592
1588
1578
1870
2225
4501
1560
1698
1814
1592
1575
1580
3152
4341
1638
1621
1566
2222
1790
1687
4867
2084
1740
1594
1551
1670
1873
2437
4265
1619
2316
2351
1683
1676
1640
1871
4439
1971
3473
2847
1662
1643
1681
1830
2046
1895
1868
1866
1808
2547
1857
1779
3383
1952
2090
1846
1910
1646
1565
1572
4583
1581
1560
2027
1736
1639
1593
1629
5544
1620
1652
1650
1756
1853
1763
5140
2160
1835
1816
1826
1828
1856
1986
4309
4461
5006
4013
2448
1897
1909
1893
1936
2122
1917
1912
1864
1890
1954
1906
3062
1814
1853
2100
1909
1842
1993
1954
3786
1860
1940
1924
2027
1936
1868
1913
4005
1881
1881
1852
1846
1960
2046
1716
3632
1674
4764
5256
2586
1664
1653
1685
1653
2002
1968
1659
1654
2370
2242
2808
1636
1672
1663
1950
1963
1735
1693
5128
1727
1625
1636
1742
1924
2133
1662
4644
1752
1903
1704
1657
1666
1650
1754
5158
1627
1726
1907
1658
1634
1653
1753
5291
3467
4697
4789
4277
1957
1697
1649
1695
1842
2716
1834
1641
1698
1651
1998
3713
1653
1682
1638
2462
1710
1702
4590
1755
1664
1658
1725
3132
4566
4739
2474
1748
1654
1679
1682
1922
2271
2086
4806
2325
1647
1658
1728
1797
2238
2454
2288
1692
1663
1799
1847
1852
1813
3098
3490
1809
1793
2130
1790
1897
1956
1903
3984
2094
1887
1896
1976
1914
2132
1930
3422
1860
1910
1956
1977
1856
1930
2012
3740
1852
1847
1979
2071
1861
1882
3741
1946
1926
1905
1847
1840
2212
1956
3650
1814
2045
1948
1944
1956
1934
1965
3709
1969
1914
1997
2160
1931
1907
1913
3769
1889
1962
1936
2044
2382
1907
1921
2909
2218
1979
1918
1906
1918
2261
1799
2988
1649
1636
1648
1903
1678
2547
1720
4660
1661
1681
1698
1878
2290
2585
3447
1727
1744
1733
1689
1949
1710
1909
4789
1723
1825
1980
1970
1926
1853
1883
4193
1862
1967
1910
2252
1927
1924
1973
3622
1997
1955
1924
1908
1960
1994
1901
3517
1882
2312
2188
1901
1922
1954
1992
2991
1831
1955
2088
1955
1911
1855
1960
3766
1873
1896
1891
1914
2348
1972
3284
1864
1967
1873
1891
1886
1903
2596
3230
1703
1673
2014
1923
1670
1697
1668
4844
1671
1646
1645
1657
2010
1922
1693
5017
1897
1724
1690
1838
2213
2195
2033
3634
1675
1655
1868
1744
1937
1984
1655
4718
1636
1857
1699
2710
1666
1714
1676
4402
1747
1663
1685
1664
1695
1779
1654
5170
1637
1810
1803
1662
1649
1674
5161
1717
1672
1769
1801
1650
1634
1629
5379
1786
1655
1643
1642
1730
1848
1802
5142
2184
2074
1954
1879
1632
1855
2204
3457
1675
1653
1834
1710
1642
1718
1668
5323
1687
1651
1667
1757
1768
1841
1688
5280
1909
1707
2778
1650
1624
1632
1642
4083
1639
2126
1854
1663
1664
1628
4889
1685
1725
1669
1704
2676
2159
1672
4153
2164
1669
1633
1626
1622
1881
2445
3992
1629
1822
1820
1638
1673
1675
1675
5314
1670
1665
1977
1852
1711
1638
1682
5013
1690
1684
1632
1660
1770
1940
1846
4994
1658
1965
1655
1628
1743
1664
2039
4883
1649
1795
1990
1676
1774
1653
4961
1780
1670
1693
1725
1961
1745
1660
4891
1787
1884
1839
1654
1658
1698
1794
4943
1676
1756
2064
1688
1662
2334
1849
4196
1640
1979
1893
2561
1959
1685
1704
4197
1847
1681
1724
1677
1727
1864
1809
4778
2387
2441
3085
2437
1918
2101
1949
1882
1911
1961
2388
1793
1629
1727
1647
3848
1645
1637
1737
1821
2057
1851
4731
1698
1820
1651
1657
1666
3506
1685
3541
1656
1655
1812
1826
1635
1653
1727
5298
1646
1658
1636
1832
1858
1658
1631
5599
1686
1632
1831
1661
1631
2002
1633
4871
1659
2222
1667
1635
1676
1660
1827
4842
1794
1638
1632
1822
1693
1651
1630
5507
1650
1706
1638
1658
1851
1688
5155
1655
1664
1652
1628
1631
1642
1739
5577
1639
1643
1740
2042
1661
1671
1646
5186
1624
1623
1673
1972
1814
2305
1645
4617
2023
1660
1981
1771
1913
2032
1916
3897
1675
1836
2227
1671
1644
1652
1656
4869
1660
1914
1760
2015
1715
1657
1641
5141
3995
2694
1642
2098
1655
1623
1633
1792
1672
1772
1698
1636
1658
1690
5061
1641
1654
1634
1803
1841
1682
1640
5517
1655
1647
1687
1676
1661
1973
1630
5119
1725
2078
1694
1662
1628
1664
2061
4761
1650
1666
1856
1795
1665
3152
4863
1812
1632
1656
1637
1684
1708
1649
1666
5523
1690
1671
1667
1775
1695
2161
1649
4578
1724
2382
1894
1677
1646
1663
1785
4616
1694
2004
2041
2228
1649
1659
3892
2451
1893
1659
1644
1949
2455
1648
3460
1778
2739
1651
1649
1688
1722
1942
4017
1731
1660
1969
1952
1632
1686
1644
5043
1635
1679
1664
1651
1931
1781
1711
5103
2071
1673
1655
1642
1659
1763
1980
4763
1684
1916
2000
1627
1639
1676
2104
5532
1744
1697
1955
2247
1818
1653
1639
3833
1688
1679
1643
1656
1892
1906
4629
1676
1708
1865
1705
1738
1651
1678
5191
1664
1667
1670
1670
1846
1678
1682
5492
1687
1650
1687
1843
1662
1992
1736
4827
1673
1987
2170
1812
1641
1704
2365
3863
1643
1868
1875
1747
1643
1704
1616
5222
1575
1730
1597
1587
2070
1887
1612
5268
1804
1576
1553
1588
1565
1578
2141
5154
1588
1929
2438
1557
1608
1598
4728
1653
1533
1495
1506
1838
1928
1483
6155
2062
1599
1470
1452
1447
1473
1511
5750
1457
1485
1505
1480
1505
1502
2297
5835
1118
1141
1143
1135
1163
1148
1192
9080
1070
1113
1052
1083
1051
1054
1128
9556
1044
1380
1422
1330
1125
1046
721
8721
712
691
703
771
738
734
12007
812
705
747
768
938
808
736
11542
760
950
1178
965
691
718
697
11142
781
706
698
699
680
857
743
11956
758
748
691
679
695
717
696
12075
705
741
693
696
695
694
693
12165
704
701
713
705
851
742
697
11941
679
735
697
699
696
696
698
12256
712
711
692
698
690
693
12046
709
741
704
784
1021
1057
888
11193
733
729
735
727
866
803
766
11720
716
712
828
712
717
714
717
11979
734
974
879
729
618
689
692
11850
978
703
690
736
756
863
830
11444
708
700
751
701
691
688
690
12227
952
694
698
727
681
696
698
11824
710
714
712
691
828
697
11985
691
681
687
689
684
691
683
12357
772
703
707
705
696
672
790
12010
693
692
740
821
695
693
706
12067
1145
2004
1956
1996
1948
2022
1975
4010
675
675
666
676
670
663
673
12367
671
870
906
688
687
676
672
11886
716
654
672
671
758
874
12025
1022
981
900
712
961
670
675
11230
966
987
897
769
674
673
676
11535
967
726
851
992
1339
2119
1607
8358
724
738
689
683
701
694
672
12362
754
772
706
707
704
916
771
11550
731
726
1028
2079
1981
2009
1998
6624
687
688
706
705
707
728
12013
717
697
691
693
739
692
691
12167
699
735
773
698
745
734
694
12077
687
735
684
689
772
751
725
12050
689
752
689
708
704
700
702
12742
2077
1963
1965
1967
1842
1982
1940
2672
741
682
687
716
796
763
728
11915
689
688
685
686
687
733
12249
2234
1948
1988
1965
1813
2215
2639
2359
2016
1096
896
695
693
683
731
10149
677
763
745
691
704
702
701
12166
737
728
687
684
682
685
689
12164
693
913
898
697
706
755
708
11710
671
733
695
692
732
872
814
11859
730
689
692
693
692
696
737
12188
738
720
702
725
691
686
12022
689
713
716
688
791
851
706
11947
702
689
695
686
686
670
687
12328
765
692
684
768
690
707
703
12055
1350
1300
830
1058
699
689
722
10403
689
688
687
703
687
687
764
12185
705
724
689
682
726
691
680
12150
692
677
842
724
796
865
11755
709
698
689
686
688
750
822
12043
772
682
691
688
679
687
704
12248
845
862
751
706
734
748
837
11575
691
696
689
726
842
813
591
12056
599
971
606
807
577
792
559
12396
813
884
636
783
565
876
567
11774
568
803
665
1021
580
805
569
12043
568
807
567
804
567
843
12098
1106
603
835
564
833
600
801
11756
1411
1107
992
656
801
569
798
10670
780
571
799
571
841
569
914
12011
803
571
796
570
827
570
793
12130
902
611
792
569
798
570
788
12027
692
587
835
573
897
767
991
11730
787
571
828
573
790
1377
1758
10500
898
573
1114
577
884
587
11716
578
777
677
942
715
1276
570
11497
673
865
572
798
572
795
572
12336
769
795
573
801
572
802
572
12105
577
860
701
915
579
833
572
12055
575
810
571
793
663
896
687
12111
578
793
573
793
572
836
610
12326
612
911
572
796
573
793
610
12229
577
798
572
991
956
955
635
11592
612
793
571
795
572
792
12105
1086
580
783
609
793
574
796
11803
828
572
834
647
869
573
1025
11708
792
570
835
1088
2341
805
836
9784
1098
787
797
906
1107
907
1102
10535
1235
1086
1495
913
1897
947
1092
8421
1095
981
1130
1017
1258
942
1128
9586
1137
942
1120
937
1148
943
1228
9785
1506
976
1142
940
1128
946
9378
944
1126
973
1459
1012
1143
942
9485
944
1166
939
1114
972
1171
1091
9753
1371
1248
958
1190
1012
1216
1010
9162
956
1229
1215
1373
1038
1242
1008
9168
961
1194
990
1142
993
1201
1043
9576
948
1193
996
1209
1046
1244
1001
9490
981
1194
1049
1278
1010
1217
1020
9359
1009
1211
1012
1200
1014
1220
9259
1318
1047
1227
975
1160
998
1321
9182
2227
1113
1285
936
1085
907
1084
8301
1118
910
1172
1270
1152
904
1132
9442
1099
578
779
570
776
904
1093
11428
1345
943
1092
910
1136
938
1856
9832
2031
1148
1230
943
1108
943
1134
7548
1142
945
1289
1231
1397
1857
1676
7849
1175
1257
1143
933
1143
940
9270
1053
1301
1175
1192
947
1104
944
9376
944
1160
944
1178
1126
1322
933
9531
1078
1144
951
1158
945
1154
991
9705
1237
1244
935
1123
934
1112
935
9616
962
1173
1047
1371
1060
1164
936
9422
945
1120
942
1128
989
1169
1139
9844
945
1169
945
1123
1109
1144
950
9633
952
1261
1262
1129
938
1131
946
9488
974
1349
937
1128
1588
1410
8529
1944
1276
1562
1204
1127
1015
1802
7126
1303
1562
1106
909
1107
909
1136
9076
1118
911
1164
576
797
802
850
10890
1113
913
1154
910
1127
960
1103
10051
1529
925
1140
919
1125
1010
1204
9052
1189
1030
1276
1193
1278
1062
1272
8854
1249
1065
1299
1078
1321
1205
1379
8727
1302
1062
1267
1055
1321
1063
8800
1004
1244
1145
1336
1060
1371
1056
8920
1034
1250
1067
1257
1145
1416
1130
8908
1033
1306
1080
1355
1074
1296
1359
8614
1041
1866
1298
1257
1106
1321
1101
8173
1032
1317
1099
1543
1157
1297
1081
8704
1055
1255
1065
1322
1085
1319
1329
8995
1293
1255
1100
1281
1078
1304
8210
1252
1058
1483
1512
1362
1098
1309
7982
1186
1050
1333
1090
1295
1354
1484
8273
1612
1038
1261
1045
1280
1041
1285
8541
1205
1046
1493
1028
1342
666
920
9248
808
1015
1231
1020
1291
1134
1359
9833
2182
1767
2209
1460
1714
1251
1294
4883
1441
1615
1423
1430
1774
1158
2080
6143
1233
1091
1458
1135
1399
1092
1372
8376
1282
1215
1297
1087
1328
1153
8629
1067
1962
1095
1308
1096
1307
1085
8246
1689
2836
1129
1312
1077
1328
1076
6706
1002
1290
1123
1294
1090
1614
1138
8768
1194
1303
1080
1387
1126
1285
1080
8531
1031
1301
1213
1347
1056
1267
1033
8919
1050
1275
1056
1282
1241
1330
1054
8932
1050
1278
1098
1299
1074
1289
1538
8435
1617
1253
1049
1249
1064
1305
8286
1221
1029
1322
1183
1642
1093
1300
8326
1218
1023
1279
1043
1257
1074
1611
8585
1530
1085
1285
911
1098
951
1144
8951
800
571
784
912
1344
1152
1215
10474
1102
914
1151
1089
1104
1018
1380
9351
1112
1099
1110
978
1125
938
1116
9702
1130
946
1139
943
1129
944
1112
9857
1124
943
1120
947
1561
1300
8979
984
1130
942
1104
945
1125
987
9919
949
1340
1092
1135
935
1120
938
9643
940
1117
981
1129
1091
1332
952
9595
937
1114
934
1098
984
1166
934
9982
944
1266
963
1174
938
1136
939
9947
944
1183
1019
1378
988
1139
962
9381
949
1291
1031
1116
1096
1567
1028
11196
2841
3559
2107
1192
1054
1249
1716
1202
1027
1243
1061
1297
1049
1255
8993
1126
939
1131
913
1135
1324
1171
9359
1146
909
1113
910
1106
975
3212
8457
3185
655
822
571
773
945
1097
8312
1094
1004
1287
967
1275
997
1116
9375
1160
915
1113
940
1130
941
1136
9834
1542
943
1144
940
1121
976
1139
9278
1145
940
1192
1065
1133
974
9655
941
1185
938
1142
938
1176
1208
9665
1519
1123
945
1133
940
1141
954
9357
945
1331
1194
1608
1035
1117
930
9021
941
1128
943
1222
1176
1667
1414
8654
948
1128
1144
1232
975
1165
1031
9485
941
1244
941
1139
925
1227
942
9801
978
1117
922
1295
1207
1115
936
9584
931
1107
1055
3358
1422
1148
6843
1282
1386
1948
970
1179
929
1112
8283
1165
944
1171
1085
1249
953
1087
9414
1095
910
1094
913
1100
974
1190
9829
1259
925
1093
579
786
570
746
11150
1102
943
1402
1226
1136
911
1105
9290
1095
914
1096
942
1125
1103
1249
9635
1117
941
1376
1366
1281
984
1151
8988
1673
2135
3377
2645
3172
2602
2430
1215
1345
1138
1242
957
1139
939
9449
2611
3222
2725
3371
2326
1221
1132
1121
941
1185
940
1132
940
1181
980
8914
982
1321
941
1130
940
1131
977
9732
941
1178
936
1223
1018
1218
944
9672
942
1143
977
1142
1003
1250
1135
9826
1232
1137
939
1246
942
1178
938
9234
941
1140
1131
1703
1122
1439
8430
1115
938
1273
958
1139
947
1152
9584
1131
1042
1125
941
1162
940
1145
9618
1649
1022
1173
944
1103
908
1095
9349
1400
1079
1150
990
1358
586
799
9622
1424
