18531
16242
1279
203307
16580
547
16447
549
16475
570
16447
552
16473
665
16399
627
16966
1396
15016
546
17828
2346
13340
556
16468
551
16473
545
16648
16298
549
16457
548
16477
706
16317
547
16480
547
16581
554
16357
547
16478
547
16587
1083
15823
629
16395
595
16703
594
16162
700
16322
792
16237
589
16440
547
16480
560
16465
546
16493
16513
1000
15882
576
16507
870
16104
586
16440
560
16474
602
16411
548
16560
673
16274
571
16457
703
16510
847
16034
631
16615
828
16166
894
15921
672
16318
551
16511
581
16464
16425
569
16428
565
16455
570
16464
634
16387
559
16465
545
16488
612
16410
561
16470
549
16498
602
16424
614
16425
636
16427
637
16376
636
16396
639
16490
654
16261
619
16422
651
16362
16405
568
16431
554
16471
550
16478
594
16433
548
16477
550
16508
693
16316
545
16463
546
16481
546
16567
893
16146
688
16327
562
16396
665
16340
582
16444
626
16407
592
16426
545
16491
16455
552
16455
547
16481
555
16478
923
16130
823
16167
695
16316
578
16448
761
16263
582
16460
545
16472
546
16483
552
16471
546
16701
549
16299
551
16494
548
17103
1499
14915
722
16227
16451
549
16469
553
16562
1447
15483
546
16537
615
16358
605
16419
551
16474
545
16540
600
16370
551
16538
648
16335
576
16441
550
16462
549
16485
550
16773
705
16023
550
16485
16468
716
16280
550
16473
595
16432
589
16442
552
16475
569
16457
547
16484
703
16323
555
16472
545
16553
799
16197
545
16443
626
16541
547
16341
554
16558
731
16220
598
16431
635
16391
16451
550
16470
555
16473
549
16478
547
16489
579
16443
579
16471
594
16439
615
16418
906
16080
555
16499
546
16568
1004
16746
1597
14656
634
16423
641
16363
664
16357
646
16396
16381
720
16301
639
16389
590
16478
593
16394
593
16436
594
16450
581
16427
613
16419
612
16411
597
16432
619
16420
614
