156041
741
14134
629
628
661
663
662
646
605
602
630
11576
611
603
570
579
541
552
543
697
12092
627
562
595
600
653
734
713
13159
810
16500
779
15054
687
4581
3702
3750
3774
3859
3878
3883
3844
4466
4013
3948
3978
4045
4101
4447
6214
3428
3618
3672
3806
3670
3720
3615
3769
3614
3671
3663
3773
3672
3634
3758
3699
3892
3652
3562
3589
4181
3720
4216
4035
3618
4661
3668
3810
3807
3735
3777
3750
3625
3666
3660
3775
3755
3631
3705
3803
3626
3717
3771
3640
3817
3669
3708
3739
3713
3646
3649
3609
3765
3627
3725
3807
3599
3779
3591
3653
4095
3534
3460
3638
3567
3766
3561
3537
5435
7175
3798
3886
4330
4027
4097
4488
4679
4241
4001
4968
3988
3663
4126
3791
3939
3847
3817
3911
3737
3993
3890
3892
3818
3840
3857
3764
3969
4435
3806
3786
3470
3845
6541
3346
3528
3832
3316
3832
3322
3401
4893
4533
4863
5265
5179
4393
5161
4724
4834
4563
5360
4914
5548
5187
5231
5250
5723
5124
5165
5337
5077
4986
4802
5626
4866
5222
4909
4781
4778
4894
5041
4941
3791
3805
3979
3873
3832
3765
3928
3794
3780
3704
3826
3783
3937
3766
3880
3861
3819
3838
4153
3868
3738
3763
3824
4445
3667
5230
4681
4075
3927
3960
4665
3577
3565
3644
3544
3982
3519
3587
3900
3713
4436
3799
5978
4296
4001
4738
3980
8103
4088
4117
4031
5303
7755
4102
4382
3889
3898
4353
4250
4820
3839
4490
4169
3842
4046
4378
4296
3917
3854
8961
5827
5122
4867
3807
3909
4910
4334
4380
4045
5110
3879
4017
4257
3959
4359
3947
4272
4511
4101
4024
4034
4245
4007
4205
4080
4114
4159
4425
4150
4088
4415
4558
4050
5706
4696
5064
5059
4975
5093
5023
4988
5222
4926
5059
4465
4441
4643
5855
4577
4616
4588
4491
4312
4581
4396
4638
4288
5362
4687
4280
4445
4598
4863
4319
4884
4279
4800
4300
6614
4469
4560
4475
4422
4797
5317
4502
4459
4493
4424
4610
4357
4513
4320
4422
4401
4418
4571
4480
4541
4433
4620
4784
4634
4497
4413
4649
4489
4419
4595
4830
4445
5123
4603
4630
4480
4668
4651
4741
4757
4619
4512
4464
4725
4646
5084
4819
4875
4492
5026
4497
4549
4730
5128
4511
4908
4732
4691
4653
5628
4679
5198
4484
4493
5027
5083
5232
4704
4731
4782
4721
4440
5217
4422
5107
4501
5014
4700
4949
4693
4769
4835
4616
4434
4529
5883
6109
5934
6199
6283
6262
6338
6151
6001
5747
6111
6119
5681
6369
5853
5742
6407
5776
6346
6132
5545
6220
5538
6198
6085
5597
6076
5630
5742
5827
5681
5908
4653
4725
4730
4700
4663
4724
4787
4491
4610
4796
4653
4666
4752
4698
4688
4887
4716
4520
4684
4558
4720
6728
6213
4648
4848
5260
5552
4528
5358
4498
4765
4716
5893
5963
6059
7175
5734
6030
9826
6787
6292
6750
7165
7266
9250
7263
6513
5992
5894
9616
5865
12981
5840
6266
6397
6647
6547
6489
6807
6740
6635
6505
6646
6575
5527
5410
5243
6484
5100
5382
5162
4676
4386
4572
4515
4816
4374
5133
4615
4964
4458
4590
4529
4434
5174
4437
4703
4661
4934
4446
4679
4708
4858
4442
5439
4597
4980
4722
4943
4688
4801
4738
4863
4846
4449
5178
4552
4643
4526
4854
4594
4598
4685
4753
4624
4710
5704
6526
4690
4752
4487
4894
4486
4894
4827
4782
4882
4967
5067
5105
4661
4931
4970
5213
5295
5291
5342
5354
5284
4922
5644
5458
4898
5256
4518
5657
4450
5164
4515
4630
4588
4821
4690
4472
4594
4761
4519
4540
5325
4584
4703
4754
4697
4615
4864
4672
4644
4739
4672
4658
4680
4711
4603
4947
4715
4704
4666
4788
4624
5020
4751
6103
4427
5229
5001
5415
4456
5136
4405
4901
4526
5505
4419
4998
4697
5870
4684
5319
5029
5302
4996
5417
5176
5431
5126
5789
5783
5196
5733
5371
5752
4452
4934
5394
12809
4724
5406
5046
5562
5482
5851
5336
6124
6395
5328
5867
5306
5807
5319
6196
5854
5123
5859
5129
6523
5294
5619
5355
5384
4410
4483
4515
4602
4582
4983
4472
5111
4459
4877
4808
5242
5044
5365
5070
5316
5264
5438
5263
5022
4445
5006
5127
4696
4552
5487
4466
4786
4453
5015
4410
4772
4560
4612
4572
4619
4893
4479
4902
4637
4944
4566
4783
4582
4623
4726
4659
4493
4438
5788
5547
5793
5703
5747
6596
6252
5836
5801
5547
6630
5883
7119
6828
5766
6308
5871
6205
6342
6528
6120
5925
6138
6392
6175
6008
6117
6147
6152
6004
6356
6255
5828
5937
5926
5806
5937
5864
5907
5681
5838
6027
5602
9425
5851
6478
5570
6564
6090
5179
5154
5179
4807
4612
4772
4929
4442
4983
4444
4672
4491
5261
4582
5196
4875
4664
4650
4673
4648
4763
4807
4712
5193
4776
4822
4770
4733
4667
4708
4765
4824
4827
4931
4718
4618
4610
5648
4527
4593
4661
5415
4751
4918
4923
4996
4981
5015
4931
5137
5191
4949
4751
4550
4597
5172
4696
4795
4541
4559
4707
4820
5084
4454
5319
4601
5390
4447
4830
4410
4765
4520
4804
4557
4861
4506
4674
4680
4741
5215
4857
4967
4631
5618
4709
4946
4868
7274
7233
6185
5902
5925
5747
6173
6805
6102
6300
6102
6157
6260
6109
6393
6275
6128
6284
6099
6203
7030
6310
6352
6906
6122
6433
6795
6391
6579
6837
5883
5837
5689
4616
4495
4592
4776
4970
4464
5146
4511
4871
4660
4689
4665
4397
4669
4461
4550
4503
4442
4499
